0	0	0	0	0	0	0	0	0	0	0	0	0	0	0	0	0	0	0	0	0	0	0	0	0	0	0	0	-0.137688362947916	0	0	0	0	0	0	0	0	0	0	0	0	0	0	0	0	0	0	0	0	0
0	0	0	0	0	0	0	0	0	0	0	0	0	0	0	0	0	0	0	0	0	0	0	0	0	0	0	0	0	0	0	0	0	0	0	0	0	0	0	0	0	0	0	0	0	0	0	0	0	0
0	0	0	0	0	0	0	0	0	0	0	0	0	0	0	0	0	0	0	0	0	0	0	0	0	0	0	0	0	0	0	0	0	0	0	0	0	0	0	0	0	0	0	0	0	0	0	0	0	0
0	0	0	0	0	0	0	0	0	0	0	0	0	0	0	0	0	0	0	0	0	0	0	0	0	0	0	0	0	0	0	0	0	0	0	0	0	0	0	0	0	0	0	0	0	0	0	0	0	0
0	0	0	0	0	0	0	0	0	0	0	0	0	0	0	0	0	0	0	0	0	0	0	0	0	0	0	0	0	0	0	0	0	0	0	0	0	0	0	0	0	0	0	0	0	0	0	0	0	0
0	0	0	0	0	0	0	0	0	0	0	0	0	0	0	0	0	0	0	0	0	0	0	0	0	0	0	0	0	0	0	0	0	0	0	0	0	0	0	0	0	0	0	0	0	0	0	0	0	0
0	0	0	0	0	0	0	0	0	0	0	0	0	0	0	0	0	0	0	0	0	0	0	0	0	0	0	0	0	0	0	0	0	0	0	0	0	0	0	0	0	0	0	0	0	0	0	0	0	0
0	0	0	0	0	0	0	0	0	0	0	0	0	0	0	0	0	0	0	0	0	0	0	0	0	0	0	0	0	0	0	0	0	0	0	0	0	0	0	0	0	0	0	0	0	0	0	0	0	0
0	0	0	0	0	0	0	0	0	0	0	0	0	0	0	0	0	0	0	0	0	0	0	0	0	0	0	0	0	0	0	0	0	0	0	0	0	0	0	0	0	0	0	0	0	0	0	0	0	0
0	0	0	0	0	0	0	0	0	0	0	0	0	0	0	0	0	0	0	0	0	0	0	0	0	0	0	0	0	0	0	0	0	0	0	0	0	0	0	0	0	0	0	0	0	0	0	0	0	0
0	0	0	0	0	0	0	0	0	0	0	0	0	0	0	0	0	0	0	0	0	-0.00254790753552455	0	0	0	0	0	0	0	0	0	0	0	0.196410219013531	0	0	0	0	0	0	0	0	0	-0.0167643490509866	0	0	0	0	0	0
0	0	0	0	0	0	0	0	0	0	0	0	0	0	0	0	0	0.162641892648745	0	0	0	0	0	0	0	0	0	0	0	0	0	0	0	0	-0.0750170233319683	0	0	0	0	0	0	0	0	0	0	0	0	0	0	0
0	0	0	0	0	0	0	0	0	0	0	0	0	0	0	0	0	0	0	0	0	0	0	0	0	0	0	0	0	0	0	0	0	0	0	0	0	0	0	0	0	0	0	0	0	-0.0527664877278293	0	0	0	0
0	0	0	0	0	0	0	0	0	0	0	0	0	0	0	0	0	0	0	0	0	0	0	0	0	0	0	0	0	0	0	0	0	0	0	0	0	0	0	0	0	0	0	0	0	0	0	0	0	0
0	0	0	0	0	0	0	0	0	0	0	0	0	0	0	0	0	0	0	0	0	0	0	0	0	0	0	0	0	0	0	0	0	0	0	0	0	0	0	0	0	0	0	0	0	0	0	0	0	0
0	0	0	0	0	0	0	0	0	0	0	0	0	0	0	0	0	0	0	0	0	0	0	0	0	0	0	0	0	0	0	0	0	0	0	0	0	0	0	0	0	0	0	0	0	0	0	0	0	0
0	0	0	0	0	0	0	0	0	0	0	0	0	0	0	0	0	0	0	0	0	0	0	0	0	0	0	0	0	0	0	0	0	0	0	0	0	0	0	0	0	0	0	0	0	0	0	0	0	0
0	0	0	0	0	0	0	0	0	0	0	0	0	0	0	0	0	0	0	0	0	0	0	0	0	0	0	0	0	0	0	0	0	0	0	0	0	0	0	0	0	0	0	0	0	0	0	0	0	0
0	0	0	0	0	0	0	0	0	0	0	0	0	0	0	0	0	0	0	0	0	0	0	0	0	0	0	0	0	0	0	0	0	0	0	0	0	0	0	0	0	0	0	0	0	0	0	0	0	0
0	0	0	0	0	0	0	0	0	0	0	0	0	0	0	0	0	0	0	0	0	0	0	0	0	0	0	0	0	0	0	0	0	0	0	0	0	0	0	0	0	0	0	0	0	0	0	0	0	0
0	0	0	0	0	0	0	0	0	0	0	0	0	0	0	0	0	0	0	0	0	0	0	0	0	0	0	0	0	0	0	0	0	0	0	0	0	0	0	0	0	0	0	0	0	0	0	0	0	0
0	0	0	0	0	0	0	0	0	0	0	0	0	-0.138542741548537	0	0	0	0	0	0	0	0	0	0	0	0	0	0	0	0	0	0	0	0.00481484170497677	0	-0.130492760795193	0	0	0	0	0	0	0	0	0	0	0	0	0	0
0	0.0231916410757112	0	0	0	-0.00599030390185594	0	-0.0218631174303031	0	0	0	0.188716138614086	0	0	0	0	0	0.00893852315180561	0	0	0	0	0	0	0	0	0	0	-0.714748496000035	0	0	0	0	0	0	0	0	0	0	0	0	0	0	0	0	0	0	-0.123968552085829	0	0
0	0	0	0	0	0	0	0	0	0	0	0	0	0	0	0	0	0	0	0.107161471078721	0	0	0	-0.0232453189322718	0	0	0	0	-0.00316339737515535	0	0	0	0	0	0	0	0	0	0	0	0	0	0	0	0	-0.127631180006678	0	0	0	0
0	0	0	0	0	0	0	0	0	0	0	0	0	0	0	0	0	0	0	0	0	0	0	0	0	0	0	0	0	0	0	0	0	0	0	0	0	0	0	0	0.0410191832833146	0	0	0	0	0	0	0	0	0
0	0	0	0	0	0	0	0	0	0	0	0	0	0	0	0	0	0	0	0	0	0	0	0	0	0	0	0	0	0	0	0	0	0	0	0	0	0	0	0	0.0367504685516496	0	0	0	0	0	0	0	0	0
0	0	0	0	0	0	0	0	0	0	0	0	0	0	0	0	0	0	0	0	0	0	0	0	0	0	0	0	0	0	0	0	0	0	0	0	0	0	0	0	0	0	0	0	0	0	0	0	0	0
0	0	0	0	0	0	0	0	0	0	0	0	0	0	0	0	0	0	0	0	0	0	0	0	0	0	0	0	0	0	0	0	0	0	0	0	0	0	0	0	0	0	0	0	0	0	0	0	0	0
0	0	0	0	0	0	0	0	0	0	0	0	0	0	0	0	0	0	0	0	0	0	0	0	0	0	0	0	0	0	0	0	0	0	0	0	0	0	0	0	0	0	0	0	0	0	0	0	0	0
0	0	0	0	0	0	0	0	0	0	0	0	0	0	0	0	0	0	0	0	0	0	0	0	0	0	0	0	0	0	0	-0.0175307561379404	0	0	0	0	0	0	0	0	0	0	0	0	0	0	0	0	0	0
0	0	0	0	0	0	0	0	0	0	0	0	0	0	0	0	0	0	0	0	0	0	0	0	0	0	0	0	0	0	0	0	0	0	0	0	0	0	0	0	0	0	0	0	0	0	0	0	0	0
0	0	0	0	0	0	0	0	0	0	0	0	0	0	0	0	-0.0780053644206831	0	0	0	0	0	0	0	0	0	0	0	0	0	0	0	0	0.0218690662362382	0	0	0	0	0	0	0	0	0	0	-0.107045610051041	0	0	0	0	0
-0.00371477495467280	0	0	0	0	0	0	0	0	0	-0.112547948881607	0	0	0	0	0	0	0	0	0	0	-0.221705862301675	0	0	0	0	0	0	0	0	0	0	0	0.616180409653378	0	0	0	0	0	0	0	0	0	0	0	0	0	0	0	-0.206338321971004
0	0.287151268775818	0	0	0	-0.181597148552745	0	-0.405199981431756	0	0	0	0	0	0	0	0	0	0.375090239391006	0	0	0	0	-0.00523448690274610	0	-0.232618221231451	0	0	0	0	0	0	0	-0.263665159992314	0	0	0	-0.289804066453300	0	0	0	0	0	0	0	0	0	0	0.326516144201395	0	0
0	0	0	0.113919358405967	0	0	0	0	0	0	0	0	0	0	0	0	0	0	0	0.514391332237885	0	0	0	-0.144348832629756	0	0	0	0	0	0	0	0	0	0	0	0	0	0	0	0	0	0	0	0	0	-0.355947522485418	0	0	0	0
0	0	0	0	0	0	0	0	0	0	0	0	0	0	0.0176352784874232	0	0	0	0	0.130689034417604	0	0	0	0	0	0	0	0	0	0	-0.0473654736605342	0	0	0	0	0	0	0	0	0	0.518401125978147	0	0	0	0	-0.0350928223203756	0	0	0	0
0	0	0	0	0	0	0	0	0	0	0	0	0	0	0	0	0	0	0	0	0	0	0	0	0	0	-0.0311526017056875	0	0	0	0	0	0	0	0	0	0	0	0	0	0.428539389549664	0	0	0	0	0	0	0	0	0
0	0	0	0	0	0	0	0	0	0	0	0	0	0	0	0	0	0	0	0	0	0	0	0	0	0	0	0	0	0	0	0	0	0	0	0	0	0	0	0	0.0140314650744430	0	0	0	0	0	0	0	0	0
0	0	0	0	0	0	0	0	0	0	0	0	0	0	0	0	0	0	0	0	0	0	0	0	0	0	0	0	0	0	0	0	0	0	0	0	0	0	0	0	0	0	0	0	0	0	0	0	0	0
0	0	0	0	0	0	0	0	0	0	0	0	0	0	0	0	0	0	0	0	0	0	0	0	0	0	0	0	0	0	0	-0.0731883593892076	0	0	0	0	0	0	0	0	0	0	0	0	0	0	0	0	0	0
0	0	0	0	0	0	0	0	0	0	0	0	0	0	0	0	0	0	0	0	0	0	0	0	0	0	0	0	0	0	0	-0.459682706514321	0	0	0	0	0	0	0	0	0	0	0	0	0	0	0	0	0	0
0	0	0	0	0	0	0	0	0	0	0	0	0.129141417468278	0	0	0	-0.123172193147505	0	0	0	0	0	0	0	0	0	0	0	0	0	0	-0.255644197804098	0	0	0	0	0	0	0	0	0	0.233705687765665	0	0	0	0	0	0	0	0
0	0	-0.134765828087794	0	0	0	0	0	0	0	0	0	0	0	0	0	-0.555485174634730	0	0	0	0	0	0	0	0	0.204169204927528	0	0	0	0	0	0	0	0	0	0	0	0	0	0	0	0	0	0	-0.331783515637284	0	0	0	0.0156751657131099	0
-0.328183556534976	0	0	0	0.198672563860602	0	0.431387958558127	0	0	0	0	0	0	-0.322060840649126	0	0	0	0	0	0	0	0	0	0	0	0	0	0.411187249495440	0	0	0	0	0	0	0	0	0	0	0	0	0	0	0	0	0	0	0.422035246435132	0	0.302282450016207	0
0	0	0	0	0	0	0	0	0	0	0	0	0	0	0	0	0	0	0	0	0	0	0	0	0	0	0	0	-0.0133940266819569	0	0	0	0	0	0	0	0	0	0	0	0	0	0	0	0	0	0	0	0	0
0	0	0	0	0	0	0	0	0	0	0	0	0	0	0	0	0	0	0	0	0	0	0	0	0	0	0	0	0	0	0	0	0	0	0	0	0	0	0	0	0	0	0	0	0	0	0	0	0	0
0	0	0	0	0	0	0	0	0	0	0	0	0	0	0	0	0	0	0	0	0	0	0	0	0	0	0	0	0	0	0	0	0	0	0	0	0	0	0	0	0	0	0	0	0	0	0	0	0	0
0	0	0	0	0	0	0	0	0	0	0	0	0	0	0	0	0	0	0	0	0	0	0	0	0	0	0	0	0	0	0	0	0	0	0	0	0	0	0	0	0	0	0	0	0	0	0	0	0	0
0	0	0	0	0	0	0	0	0	0	0	0	0	0	0	0	0	0	0	0	0	0	0	0	0	0	0	0	0	0	0	0	0	0	0	0	0	0	0	0	0	0	0	0	0	0	0	0	0	0
0	0	0	0	0	0	0	0	0	0	0	0	0	0	0	0	0	0	0	0	0	0	0	0	0	0	0	0	0	0	0	0	0	0	0	0	0	0	0	0	0	0	0	0	0	0	0	0	0	0
0	0	0	0	0	0	0	0	0	0	0	0	0	0	0	0	0	0	0	0	0	0	0	0	0	0	0	0	0	0	0	0	0	0	0	0	0	0	0	0	0	0	0	0	0	0	0	0	0	0
0	0	0	0	0	0	0	0	0	0	0	0	0	0	0	0	0	0	0	0	0	0	0	0	0	0	0	0	0	0	0	0	0	0	0	0	0	0	0	0	0	0	0	0	0	0	0	0	0	0
0	0	0	0	0	0	0	0	0	0	0	0	0	0	0	0	0	0	0	0	0	0	0	0	0	0	0	0	0	0	0	0	0	0	0	0	0	0	0	0	0	0	0	0	0	0	0	0	0	0
0	0	0	0	0	0	0	0	0	0	0	0	0	0	0	0	0	0	0	0	0	0	0	0	0	0	0	0	0	0	0	0	0	0	0	0	0	0	0	0	0	0	0	0	0	0	0	0	0	0
0	0	0	0	0	0	0	0	0	0	0	0	0	0	0	0	0	0	0	0	0	-0.0486725401385242	0	0	0	0	0	0	0	0	0	0	0	0.0484157435143602	0	0	0	0	0	0	0	0	0	-0.0484245201367246	0	0	0	0	0	0
0	0	0	0	0	-0.00239714762746551	0	0	0	0	0	0	0	0	0	0	0	0	0	0	0	0	0	0	0	0	0	0	0	0	0	0	0	0	-0.125217760559424	0	0	0	0	0	0	0	0	0	0	0	0	0	0	0
0	0	0	0	0	0	0	0	0	0	0	0	0	0	0	0	0	0	0	0	0	0	0	0	0	0	0	0	0	0	0	0	0	0	0	0	0	0	0	0	0	0	0	0	0	0	0	0	0	0
0	0	0	0	0	0	0	0	0	0	0	0	0	0	0	0	0	0	0	0	0	0	0	0	0	0	0	0	0	0	0	0	0	0	0	0	0	0	0	0	0	0	0	0	0	0	0	0	0	0
0	0	0	0	0	0	0	0	0	0	0	0	0	0	0	0	0	0	0	0	0	0	0	0	0	0	0	0	0	0	0	0	0	0	0	0	0	0	0	0	0	0	0	0	0	0	0	0	0	0
0	0	0	0	0	0	0	0	0	0	0	0	0	0	0	0	0	0	0	0	0	0	0	0	0	0	0	0	0	0	0	0	0	0	0	0	0	0	0	0	0	0	0	0	0	0	0	0	0	0
0	0	0	0	0	0	0	0	0	0	0	0	0	0	0	0	0	0	0	0	0	0	0	0	0	0	0	0	0	0	0	0	0	0	0	0	0	0	0	0	0	0	0	0	0	0	0	0	0	0
0	0	0	0	0	0	0	0	0	0	0	0	0	0	0	0	0	0	0	0	0	0	0	0	0	0	0	0	0	0	0	0	0	0	0	0	0	0	0	0	0	0	0	0	0	0	0	0	0	0
0	0	0	0	0	0	0	0	0	0	0	0	0	0	0	0	0	0	0	0	0	0	0	0	0	0	0	0	0	0	0	0	0	0	0	0	0	0	0	0	0	0	0	0	0	0	0	0	0	0
0	0	0	0	0	0	0	0	0	0	0	0	0	0	0	0	0	0	0	0	0	0	0	0	0	0	0	0	0	0	0	0	0	0	0	0	0	0	0	0	0	0	0	0	0	0	0	0	0	0
0	0	0	0	0	0	0	0	0	0	0	0	0	0	0	0	0	0	0	0	0	0	0	0	0	0	0	0	0	0	0	0	0	0	0	0	0	0	0	0	0	0	0	0	0	0	0	0	0	0
0	0	0	0	0.000453139486120180	0	0	0	0	0	0	0	0	0	0	0	0	0	0	0	0	0	0	0	0	0	0	0	0	0	0	0	0	0	0	-0.157421160877686	0	0	0	0	0	0	0	0	0	0	0	0	-0.0236186856436270	0
0	0	0	0	0	-0.179610843843913	0	0	0	0	0	0.153743529457332	0	0	0	0	0	0	0	0	0	0	0.353737485729123	0	0	0	0	0	-0.177778990676319	0	-0.0288568049788837	0	0.397336091608657	0	0	0	0	0	0	0	0	0	0	0	0	0	0	0	0	0
0	0	0	0	0	0	0	0	0	0	0	0	0	0	0	0	0	0	0	0	0	0	0	-0.138208978472123	0	0	0	0	0	0	0	0	0.0126150670513034	0	0	0	0	0	0	0	0	0	0	0	0	0	0	0	0	0
0	0	0	0	0	0	0	0	0	0	0	0	0	0	0	0	0	0	0	0	0	0	0	0	0	0	0	0	0	0	0	0	0	0	0	0	0	0	0	0	0	0	0	0	0	0	0	0	0	0
0	0	0	0	0	0	0	0	0	0	0	0	0	0	0	0	0	0	0	0	0	0	0	0	0	0	0	0	0	0	0	0	0	0	0	0	0	0	0	0	0	0	0	0	0	0	0	0	0	0
0	0	0	0	0	0	0	0	0	0	0	0	0	0	0	0	0	0	0	0	0	0	0	0	0	0	0	0	0	0	0	0	0	0	0	0	0	0	0	0	0	0	0	0	0	0	0	0	0	0
0	0	0	0	0	0	0	0	0	0	0	0	0	0	0	0	0	0	0	0	0	0	0	0	0	0	0	0	0	0	0	0	0	0	0	0	0	0	0	0	0	0	0	0	0	0	0	0	0	0
0	0	0	0	0	0	0	0	0	0	0	0	0	0	0	0	0	0	0	0	0	0	0	0	0	0	0	0	0	0	0	0	0	0	0	0	0	0	0	0	0	0	0	0	0	0	0	0	0	0
0	0	0	0	0	0	0	0	0	0	0	0	0	0	0	0	0	0	0	0	0	0	0	0	0	0	0	0	0	0	0	0	0	0	0	0	0	0	0	0	0	0	0	0	0	0	0	0	0	0
0	0	0	0	0	0	0	0	0	0	0	0	0	0	0	0	0	0	0	0	0	0	0	0	0	0	0	0	0	0	0	0	0	0	0	0	0	0	0	0	0	0.0201694686503765	0	0	0	0	0	0	0	0
0	0	0	0	0	0	0	0	0	0	0	0	0	0	0	0	0	0	0	0	0	0	0	0	0	0.124372959804396	0	0	0	0	0	0	0	0	0	0	0	0	0	0	0	0	0	0	0	0	0	0	0	0
-0.000471491300184479	0	0	0	0.158420426707095	0	0	0	0	0	-0.142006722889842	0	0	0	0	0	0	0	0	0	0	-0.479748007628710	0	0	0	0	0	0.0762145429799822	0	0.203534809071965	0	0	0	0.0104112236038934	0	0	0	0	0	0	0	0	0	0	0	0	-0.317892254963027	0	0	0
0	0.236652695540505	0	0	0	-0.405689438760804	0	-0.332885954086879	0	0	0	0	0	0	0	0	0	-0.148138513328728	0	0	0	0	0	0	0.158058249138888	0	0	0	0	0	0	0	-0.309121559460175	0	0	0	0	0	0	0	0	0	0	0	0	0	0	0	0	0
0	0	0	0.0684181992290875	0	0	0	0	0	0	0	0	0	0	0	0	0	0	-0.0430220972022861	0.380930370324272	0	0	0	-0.288749243302954	0	0	0	0	0	0	0	0	0	0	0	0	0.190079321117115	0	0	0	0	0	0	0	0	0.0217037899351834	0	0.0337525763582490	0	0
0	0	0	0	0	0	0	0	0	0	0	0	0	0	0	0	0	0	0	0.0589733639368567	0	0	0	0	0	0	0	0	0	0	0	0	0	0	0	0	0	0	0	0	0.270739767806103	0	0	0	0	0	0	0	0	0
0	0	0	0	0	0	0	0	0	0	0	0	0	0	0	0	0	0	0	0	0	0	0	0	0	0	0	0	0	0	0	0	0	0	0	0	0	0	0	0	0.189886209980607	0	0	0	0	0	0	0	0	0
0	0	0	0	0	0	0	0	0	0	0	0	0	0	0	0	0	0	0	0	0	0	0	0	0	0	0	0	0	0	0	0	0	0	0	0	0	0	0	0	0	0	0	0	0	0	0	0	0	0
0	0	0	0	0	0	0	0	0	0	0	0	0	0	0	0	0	0	0	0	0	0	0	0	0	0	0	0	0	0	0	0	0	0	0	0	0	0	0	0	0	0	0	0	0	0	0	0	0	0
0	0	0	0	0	0	0	0	0	0	0	0	0	0	0	0	0	0	0	0	0	0	0	0	0	0	0	0	0	0	0	0	0	0	0	0	0	0	0	0	0	0	0	0	0	0	0	0	0	0
0	0	0	0	0	0	0	0	0	0	0	0	0	0	0	0	0	0	0	0	0	0	0	0	0	0	0	0	0	0	0	-0.282843687649909	0	0	0	0	0	0	0	0	0	0.0801933886123861	0	0	0	0	0	0	0	0
0	0	0	0	0	0	0	0	0	0	0	0	0.0747271169119637	0	0	0	-0.0354424230113617	0	0	0	0	0	0	0	0	0	0	0	0	0	0	-0.143598249953350	0	0	0	0	0	0	0	0	0	0.400942219104073	0	0	0	0	0	0	0	0
0	0	-0.0745842530027067	0	0	0	0	0	0	0	0	0	0	0	0	0	-0.349603995892604	0	0	0	0	0	0	0	0	0.313982158278074	0	0	0	-0.0392482676983304	0	0	0	0	0	0	0	0.0832096252125236	0	0	0	0	0	0	0.00944468345344292	0	0	0	-0.0635246131918989	0
-0.249959437865808	0	0	0	0.410625758923478	0	0.301329619877918	0	0	0	0	0	0	0.162648021054509	0	0.0565725562240334	0	0	0	0	0	0	0	0	0	0	0	-0.107620230879732	0	0	0	0	0	0	0	0	0	0	0	0	0	0	0	0	0	0	0.267648965979260	0	-0.507997117068454	0
0	0	0	0	0	0	0	0	0	0	0	0.0236894781685356	0	0	0	0	0	0	0	0	0	0	0	0	0	0	0	0	0	0	0	0	0	0	0	0	0	0	0	-0.0865002505608007	0	0	0	0	0	0	0	0	0	0
0	0	0	0	0	0	0	0	0	0	0	0	0	0	0	0	0	0	0	0	0	0	0	0	0	0	0	0	0	0	0	0	0	0	0	0	0	0	0	0	0	0	0	0	0	0	0	0	0	0
0	0	0	0	0	0	0	0	0	0	0	0	0	0	0	0	0	0	0	0	0	0	0	0	0	0	0	0	0	0	0	0	0	0	0	0	0	0	0	0	0	0	0	0	0	0	0	0	0	0
0	0	0	0	0	0	0	0	0	0	0	0	0	0	0	0	0	0	0	0	0	0	0	0	0	0	0	0	0	0	0	0	0	0	0	0	0	0	0	0	0	0	0	0	0	0	0	0	0	0
0	0	0	0	0	0	0	0	0	0	0	0	0	0	0	0	0	0	0	0	0	0	0	0	0	0	0	0	0	0	0	0	0	0	0	0	0	0	0	0	0	0	0	0	0	0	0	0	0	0
0	0	0	0	0	0	0	0	0	0	0	0	0	0	0	0	0	0	0	0	0	0	0	0	0	0	0	0	0	0	0	0	0	0	0	0	0	0	0	0	0	0	0	0	0	0	0	0	0	0
0	0	0	0	0	0	0	0	0	0	0	0	0	0	0	0	0	0	0	0	0	0	0	0	0	0	0	0	0	0	0	0	0	0	0	0	0	0	0	0	0	0	0	0	0	0	0	0	0	0
0	0	0	0	0	0	0	0	0	0	0	0	0	0	0	0	0	0	0	0	0	0	0	0	0	0	0	0	0	0	0	0	0	0	0	0	0	0	0	0	0	0	0	0	0	0	0	0	0	0
0	0	0	0	0	0	0	0	0	0	0	0	0	0	0	0	0	0	0	0	0	0	0	0	0	0	0	0	0	0	0	0	0	0	0	0	0	0	0	0	0	0	0	0	0	0	0	0	0	0
0	0	0	0	0	0	0	0	0	0	0	0	0	0	0	0	0	0	0	0	0	0	0	0	0	0	0	0	0	0	0	0	0	0	0	0	0	0	0	0	0	0	0	0	0	0	0	0	0	0
0	0	0	0	0	0	0	0	0	0	-0.0365727023550135	0	0	0	0	0	0	0	0	0	0	-0.0128405389771768	0	0	0	0	0	0	0	0	0	0	0	0	0	0	0	0	0	0	0	0	0	-0.247299560596706	0	0	0	0	0	0
0	0	0	0	0	0	0	0	0	0	0	0	0	0	0	0	0	0	0	0	0	0	0	0	0	0	0	0	0	0	0	0	0	0	-0.305135816449024	0	0	0	0	0	0	0	0	0	0	0	0	0	0	0
0	0	0	0	0	0	0	0	0	0	0	0	0	0	0	0	0	0	0	0	0	0	0	0	0	0	0	0	0	0	0	0	0	0	0	0	0	0	0	0	0	0	0	0	0	0	0	0	0	0
0	0	0	0	0	0	0	0	0	0	0	0	0	0	0	0	0	0	0	0	0	0	0	0	0	0	0	0	0	0	0	0	0	0	0	0	0	0	0	0	0	0	0	0	0	0	0	0	0	0
0	0	0	0	0	0	0	0	0	0	0	0	0	0	0	0	0	0	0	0	0	0	0	0	0	0	0	0	0	0	0	0	0	0	0	0	0	0	0	0	0	0	0	0	0	0	0	0	0	0
0	0	0	0	0	0	0	0	0	0	0	0	0	0	0	0	0	0	0	0	0	0	0	0	0	0	0	0	0	0	0	0	0	0	0	0	0	0	0	0	0	0	0	0	0	0	0	0	0	0
0	0	0	0	0	0	0	0	0	0	0	0	0	0	0	0	0	0	0	0	0	0	0	0	0	0	0	0	0	0	0	0	0	0	0	0	0	0	0	0	0	0	0	0	0	0	0	0	0	0
0	0	0	0	0	0	0	0	0	0	0	0	0	0	0	0	0	0	0	0	0	0	0	0	0	0	0	0	0	0	0	0	0	0	0	0	0	0	0	0	0	0	0	0	0	0	0	0	0	0
0	0	0	0	0	0	0	0	0	0	0	0	0	0	0	0	0	0	0	0	0	0	0	0	0	0	0	0	0	0	0	0	0	0	0	0	0	0	0	0	0	0	0	0	0	0	0	0	0	0
0	0	0	0	0	0	0	0	0	0	0	0	0	0	0	0	0	0	0	0	0	0	0	0	0	0	0	0	0	0	0	0	0	0	0	0	0	0	0	0	0	0	0	0	0	0	0	0	0	0
0	0	0	0	0	0	0	0	0	0	0	0	0	0	0	0	0	0	0	0	0	0	0	0	0	0	0	0	0	0	0	0	0	0	0	0	0	0	0	0	0	0	0	0	0	0	0	0	0	0
0	0	0	0	0	0	0	0	0	0	0	0	0	0	0	0	0	0	0	0	0	0	0	0	0	0	0	0	0	0	0	0	0	0	0	-0.313253752652605	0	0	0	0	0	0	0	0	0	0	0	0	0.0505771236006521	0
0	0.0675802097292519	0	0	0	-0.281794904764024	0	0	0	0	0	0.259375832433044	0	0	0	0	0	0	-0.223063515288370	0	0	0	0.561177956406917	0	-0.0476523462121037	0	0	0	0.108055732582009	0	0	0	0.413762482463793	0	0	0	-0.0256952675920070	0	0	0	0	0	0	0	0	0	0	0.143130421583149	0	0
0	0	0	0	0	0	0	0	0	0	0	0	0	0	0	0	0	0	-0.0417626074257745	0	0	0	0.0484549894821828	-0.245404950827467	0	0	0	0	0	0	0	0	0	0	0	0	0	0	0	0.101492796099408	0	0	0	0	0	0	0	0.207968956314429	0	0
0	0	0	0	0	0	0	0	0	0	0	0	0	0	0	0	0	0	0	0	0	0	0	0	0	0	0	0	0	0	0	0	0	0	0	0	0	0	0	0	0	0	0	0	0	0	0	0	0	0
0	0	0	0	0	0	0	0	0	0	0	0	0	0	0	0	0	0	0	0	0	0	0	0	0	0	0	0	0	0	0	0	0	0	0	0	0	0	0	0	0	0	0	0	0	0	0	0	0	0
0	0	0	0	0	0	0	0	0	0	0	0	0	0	0	0	0	0	0	0	0	0	0	0	0	0	0	0	0	0	0	0	0	0	0	0	0	0	0	0	0	0	0	0	0	0	0	0	0	0
0	0	0	0	0	0	0	0	0	0	0	0	0	0	0	0	0	0	0	0	0	0	0	0	0	0	0	0	0	0	0	0	0	0	0	0	0	0	0	0	0	0	0	0	0	0	0	0	0	0
0	0	0	0	0	0	0	0	0	0	0	0	0	0	0	0	0	0	0	0	0	0	0	0	0	0	0	0	0	0	0	0	0	0	0	0	0	0	0	0	0	0	0	0	0	0	0	0	0	0
0	0	0	0	0	0	0	0	0	0	0	0	0	0	0	0	0	0	0	0	0	0	0	0	0	0	0	0	0	0	0	0	0	0	0	0	0	0	0	0	0	0	0	0	0	0	0	0	0	0
0	0	0	0	0	0	0	0	0	0	0	0	0.0227704118910946	0	0	0	0	0	0	0	0	0	0	0	0	0	0	0	0	0	0	0	0	0	0	0	0	0	0	0	0	0.142098323138728	0	0	0	0	0	0	0	0
0	0	0	0	0	0	0	0	0	0	0	0	0	0	0	0	0	0	0	0	0	0	0	0	0	0.272474538988847	0	0	0	0	0	0	0	0	0	0	0	0.111210210404619	0	0	0	0	0	0	0	0	0	0	0	0.0557359770628844
-0.0503042588200304	0	0	0	0.248487612545567	0	0	0	0	0	-0.271905583944441	0	0	0	0	0.190192039201489	0	0	0	0	0	-0.425656448695796	0	0	0	0	0	0.252249946996464	0	0	0	0	0	-0.317560082238731	0	0	0	0	0	0	0	0	0	0	0	0	-0.350083157745774	0	0	0.133709242396867
0	0.271329463851398	0	0	0	-0.419128117909697	0	-0.0447725301944277	0	0	0	0	0	0	0	0	0	-0.524062931287438	0.146661089851499	0	0	0	0	0	0.239452890891011	0	0	0	0	0	0	0	0	0	0	0	0.204777979410174	0	0	0	0	0	0	0	0	0	0	-0.296093809742662	0	0
0	0	0	0.178484456246165	0	0	0	0	0	0	0	0	0	0	0	0	0	-0.0322121858462267	0	0.267569921764247	0	0	0	-0.404450658952922	0	0	0	0	0	0	0	0	0	0	0	0	0.114850834343676	0	0	0.0759644844313561	0	0	0	0	0	0.553339472069458	0	0	0	0
0	0	0	0	0	0	0	0	0	0	0	0	0	0	0.0898919034947393	0	0	0	0	0.0254487707379684	0	0	0	0	0	0	0	0	0	0	-0.0796936649843111	0	0	0	0	0	0	0	0	0	0.215186182525415	0	0	0	0	0.208866482346673	0	0	0	0
0	0	0	0	0	0	0	0	0	-0.0191348297456045	0	0	0	0	0	0	0	0	0	0	0	0	0	0	0	0	-0.0762115884522423	0	0	0	0	0	0	0	0	0	0	0	0	0	0.166346076619906	0	0	0	0	0	0	0	0	0
0	0	0	0	0	0	0	0	0	0	0	0	0	0	0	0	0	0	0	0	0	0	0	0	0	0	0	0	0	0	0	0	0	0	0	0	0	0	0	0	0	0	0	0	0	0	0	0	0	0
0	0	0	0	0	0	0	0	0	0	0	0	0	0	0	0	0	0	0	0	0	0	0	0	0	0	0	0	0	0	0	0	0	0	0	0	0	0	0	0	0	0	0	0	0	0	0	0	0	0
0	0	0	0	0	0	0	0	0	0	0	0	0	0	0	0	0	0	0	0	0	0	0	0	0	0	0	0	0	0	0	0	0	0	0	0	0	0	0	0	0	0	0.0242109487560784	0	0	0	0	0	0	0
0	0	0	0	0	0	0	0	-0.0296206056340533	0	0	0	0	0	0	0	0	0	0	0	0	0	0	0	0	0	0	0	0	0	0	-0.313607840355704	0	0	0	0	0	0	0.0341109964620027	0	0	0.166430483182519	0	0	0	0	0	0	0	0
0	0	0	0	0	0	0	0	0	0	0	0	0.190536904336236	0	0	0	0	0	0	0	0	0	0	0	0	0	0	0	0	0	0	-0.126676488678115	0	0	0	0	0	0.0167374091109508	0	0	0	0.523307724848940	0	0	0.125994735309394	0	0	0	0	0
0	0	-0.186120194164883	0	0	0	0	0	0	0	0	0	0	0.0538655742015666	0	0	-0.173154505645103	0	0	0	0	0.00844542622621938	0	0	0	0.373361763439172	0	0	0	0	0	0	0	0	0	0	0	0.317929570122261	0	0	0	0	0	0	0.581880461941431	0	0	0	0	0
-0.286466798912492	0	0	0	0.418169222266894	0	0	0	0	0	0	0	0	0.549161202612870	0	-0.0514146520212781	0	0	0	0	0	0	0	0	0	0	0	-0.436788192466509	0	0	0	0	0	0	0	0	0	0	0	0	0	0	0	0	0	0	0	0	0.266209582232057	0
0	0	0	0	0	0	0	0.0184211056717293	0	0	0	0.0990645819540122	0	0	0	0	0	0	-0.0112968586699661	0	0	0	-0.0116353209401117	0	-0.00101884090865620	0	0	0	0	0	0	0	0	0	0	0	0	0	0	-0.298938837058912	0	0	0	0	0	0	0	0	0	0
0	0	0	0	0	0	0	0	0	0	0	0	0	0	0	0	0	0	0	0	0	0	0	0	0	0	0	0	0	0	0	0	0	0	0	0	0	0	0	0	0	0	0	0	0	0	0	0	0	0
0	0	0	0	0	0	0	0	0	0	0	0	0	0	0	0	0	0	0	0	0	0	0	0	0	0	0	0	0	0	0	0	0	0	0	0	0	0	0	0	0	0	0	0	0	0	0	0	0	0
0	0	0	0	0	0	0	0	0	0	0	0	0	0	0	0	0	0	0	0	0	0	0	0	0	0	0	0	0	0	0	0	0	0	0	0	0	0	0	0	0	0	0	0	0	0	0	0	0	0
0	0	0	0	0	0	0	0	0	0	0	0	0	0	0	0	0	0	0	0	0	0	0	0	0	0	0	0	0	0	0	0	0	0	0	0	0	0	0	0	0	0	0	0	0	0	0	0	0	0
0	0	0	0	0	0	0	0	0	0	0	0	0	0	0	0	0	0	0	0	0	0	0	0	0	0	0	0	0	0	0	0	0	0	0	0	0	0	0	0	0	0	0	0	0	0	0	0	0	0
0	0	0	0	0	0	0	0	0	0	0	0	0	0	0	0	0	0	0	0	0	0	0	0	0	0	0	0	0	0	0	0	0	0	0	0	0	0	0	0	0	0	0	0	0	0	0	0	0	0
0	0	0	0	0	0	0	0	0	0	0	0	0	0	0	0	0	0	0	0	0	0	0	0	0	0	0	0	0	0	0	0	0	0	0	0	0	0	0	0	0	0	0	0	0	0	0	0	0	0
0	0	0	0	0	0	0	0	0	0	0	0	0	0	0	0	0	0	0	0	0	0	0	0	0	0	0	0	0	0	0	0	0	0	0	0	0	0	0	0	0	0	0	0	0	0	0	0	0	0
0	0	0	0	0	0	0	0	0	0	0	0	0	0	0	0	0	0	0	0	0	0	0	0	0	0	0	0	0	0	0	0	0	0	0	0	0	0	0	0	0	0	0	-0.00568553771409951	0	0	0	0	0	0
0	0	0	0	0	0	0	0	0	0	-0.113289030443269	0	0	-0.0154646210873502	0	0	0	0	0	0	0	0	0	0	0	0	0	0	0	0	0	0	0	0	0	0	0	-0.00455308040356135	0	0	0	0	0	-0.598687398942415	0	0	0	0	0	-0.0373448525787375
0	0.0511460948655994	0	0	0	0	0	0.0188606668647223	0	0	0	0	0	0	0	0	0	0.0980521692250034	0	0	0	0	0	0	0	0	0	0	0	0	0	0	0	0	-0.612774465359526	0	0	0	0	0	0	0	0	0	0	0	0	0	0	0
0	0	0	0	0	0	0	0	0	0	0	0	0	0	0	0	0	0	0	0	0	0	0	0	0	0	0	0	0	0	0	0	0	0	-0.0239467620700470	0	0	0	0	0	0	0	0	0	0	-0.0450346559322566	0	0	0	0
0	0	0	0	0	0	0	0	0	0	0	0	0	0	0	0	0	0	0	0	0	0	0	0	0	0	0	0	0	0	0	0	0	0	0	0	0	0	0	0	0	0	0	0	0	0	0	0	0	0
0	0	0	0	0	0	0	0	0	0	0	0	0	0	0	0	0	0	0	0	0	0	0	0	0	0	0	0	0	0	0	0	0	0	0	0	0	0	0	0	0	0	0	0	0	0	0	0	0	0
0	0	0	0	0	0	0	0	0	0	0	0	0	0	0	0	0	0	0	0	0	0	0	0	0	0	0	0	0	0	0	0	0	0	0	0	0	0	0	0	0	0	0	0	0	0	0	0	0	0
0	0	0	0	0	0	0	0	0	0	0	0	0	0	0	0	0	0	0	0	0	0	0	0	0	0	0	0	0	0	0	0	0	0	0	0	0	0	0	0	0	0	0	0	0	0	0	0	0	0
0	0	0	0	0	0	0	0	0	0	0	0	0	0	0	0	0	0	0	0	0	0	0	0	0	0	0	0	0	0	0	0	0	0	0	0	0	0	0	0	0	0	0	0	0	0	0	0	0	0
0	0	0	0	0	0	0	0	0	0	0	0	0	0	0	0	0	0	0	0	0	0	0	0	0	0	0	0	0	0	0	0	0	0	0	0	0	0	0	0	0	0	0	0	0	0	0	0	0	0
0	0	0	0	0	0	0	0	0	0	0	0	0	0	0	0	0	0	0	0	0	0	0	0	0	0	0	0	0	0	0	0	0	0	0	0	0	0	0	0	0	0	0	0	0	0	0	0	0	0
0	0	0	0	0	0	0	0	0	0	0	0	0	0	0	0	0	0	0	0	0	0	0	0	0	0	0	0	0	0	0	0	0	0	0	0	0	0	0	0	0	0	0	0	0	0	0	0	0	0
-0.0375013406064867	0	0	0	0	0	-0.0803553471952117	0	0	0	0	0	0	-0.0674430999677799	0	-0.00425072099128174	0	0	0	0	0	0	0	0	0	0	0	0	0	0	0	0	0	0	0	-0.599620545250957	0	0	0	0	0	0	0	0	0	0	0	0	0	0
0	0.199890905674846	0	0	0	-0.0801720487993168	0	0.326417628966723	0	0	0	0.530419541778718	0	0	0	0	0	0	-0.387565601829903	0	0	0	-0.251788044747612	0	-0.406477044258676	0	0	0	0	0	0	0	-0.0227901300097956	0	0	0	0.160363650332104	0	0	0	0	0	0	0	0	0	0	-0.281337888973222	0	0
0	0	0	0.267119349459209	0	0	0	0	0	0	0	0.0474846164097308	0	0	0	0	0	0	-0.152856499914824	-0.102854855040847	0	0	-0.0125042035287726	-0.159843442385940	0	0	0	0	0	0	0	0	0	0	-0.153047562914951	0	0	0	0	0.539830747140381	0	0	0	0	0	0	0	0	0	0
0	0	0	0.0526019216619188	0	0	0	0	0	-0.124379371068151	0	0	0	0	0.166278139829293	0	0	0	0	0	-0.0693219043077837	0	0	0	0	0	0	0	-0.00324300096205323	0	-0.179494355423445	0	0	0	-0.0552136222160047	0	0	0	0	0.241455803438300	0	0	0	0	0	0	0	0	0	0
0	0	0	0	0	0	0	0	0	-0.233773203356455	0	0	0	0	0	0	0	0	0	0	0	0	0	0	0	0	-0.174941147466231	0	-0.0799863698597153	0	0	0	0	0	0	0	0	0	0	0	0	0	0	0	0	0	0	0	0	0
0	0	0	0	0	0	0	0	0	-0.0912681168891499	0	0	0	0	-0.179110124978453	0	0	0	0	0	0	0	0	0	0	0	0	0	-0.0248751738288494	0	-0.249077148285856	0	-0.00127763666293279	0	0	0	0	0	0	0	0	0	0.108185922465554	0	0	0	0	0	0	0
0	0	0	0	0	0	0	0	0	0	0	0	0	0	-0.155690163306957	0	0	0	0	0	-0.277272454374918	0	0	0	0	0	0	0	0	0	0	0	0	0	0	0	0	0	0.306164758016845	0	0	0	0	0	0	0	0	0	0	0
0	0	0	0	0	0	0	0	-0.105312684389954	0	0	0	0	0	0	0	0	0	0	0	-0.210311272950550	0	0	0	0	0	-0.169029719055074	0	0	0	0	0	0	0	0	0	0	0	0	0	0	0	0.293853155928694	0.100124323236600	0.00820207264393873	0	0	0	0	0
0	0	0	0	0	0	0	0	-0.241498456600717	0	0	0	0	0	0	0	0	0	0	0	0	0	0	0	0	0	0	0	0	0.0309935610251700	0	0	0	0.0779735019009367	0	0	0	0	0.229930580407249	0	0	0	0	0.221067039884677	0.00478873670348637	0	0	0	0	0
0	0	-0.0792162460859927	0	0	0	0	0	-0.0576407807722987	0	0	0	0.279172716854763	0	0	0	0.0601936560472502	0	0	0	0	0	0	0	0	0	0	0	0	0	0	0	0	0.0148238143224330	0	-0.0437532045218636	0	0.112572821350485	0	0	0	0	0	0.0316112249358367	0	0	0.0422537462831880	0	0	0
0	0	-0.286603482677849	0	0	0	0	0	0	0	-0.0501187525692554	0	0	0	0	0.114331170546984	0.211639489497500	0	0	0	0	0	0	0	0	0.187887330106917	0	0	0	0	0	0	0	0	0	-0.159091515917085	0	0.530246863561115	0	0	0	0	0	0	-0.246383184294891	0	0	0	0	0
-0.179304574263674	0	0	0	0.0686015610611805	0	-0.225526368268284	0	0	0	-0.594030106828991	0	0	0	0	0.215958825524107	0	0	0	0	0	0.251137128229104	0	0	0	0	0	0.237263388984423	0	-0.339455443863880	0	0	0	0	0	0	0	0	0	0	0	0	0	0	0	0	-0.0213662287269660	0	0	-0.615145187224222
0	0.503485300819905	0	0	0	-0.127407436999218	0	0.338185844253926	0	0	0	-0.286686309072517	0	0	0	0	0	0.0815201375470434	0.496048297856599	0	0	0	0.0724715767898763	0	-0.439800548706205	0	0	0	0	0	0	0	0	0	0	0	0	0	0	0	0	0	0	0	0	0	0	0	0	0
0	0	0	0.561322252642103	0	0	0	0	0	0	0	0	0	0	-0.00667267121027361	0	0	0	0	0	0	0	0	-0.359032874749189	0	0	0	0	0	0	0	0	0	0	0	0	-0.542747071168394	0	0	-0.228922791041289	0	0	0	0	0	0	0	-0.353462492587057	0	0
0	0	0	0.249668454913741	0	0	0	0	0	-0.269705686812773	0	0	0	0	0.476887963758279	0	0	0	0	0	-0.245986966340745	0	0	0	0	0	0	0	0	0	-0.503954350162582	0	0	0	0	0	-0.0699343984825178	0	0	-0.0240092793222238	0	0	-0.152482058363463	0	0	0	0	0	0	0
0	0	0	0.0411074266612062	0	0	0	0	0	-0.528620041455469	0	0	0	0	0	0	0	0	0	0	0.0759282632569996	0	0	0	0	0	-0.499495134625031	0	0	0	0	0	0	0	0	0	0	0	0	0	0	0	-0.167109194297960	0	0	0	0	0	0	0
0	0	0	0	0	0	0	0	0	-0.268199837121190	0	0	0	0	-0.327783978837127	0	0	0	0	0	0	0	0	0	0	0	0	0	0	0	-0.490519533688507	0	0	0	0	0	0	0	0	0	0	0	0.183282989754090	0	0	0	0	0	0	0
0	0	0	0	0	0	0	0	-0.0821265154102921	-0.0193823588241892	0	0	0	0	-0.271979266435113	0	0	0	0	0	-0.417910597831605	0	0	0	0	0	0	0	0	0	-0.0342580624657850	0	0	0	0	0	0	0	0.373955354709496	0	0	0	0	0	0	0	0	0	0	0
0	0	0	0	0	0	0.0453150154271865	0	-0.320695763434732	0	0	0	-0.0728987227187205	0	0	0	0	0	0	0	-0.309576155753790	0	0	0	0	0	-0.339779517654749	0	0	0	0	0	0	0	0	0	0	0	0	0	0	0	0.629302795327513	0	0	0	0	0	0	0
0	0	-0.0472858921477395	0	0	0	0.103779366628211	0	-0.549052513031316	0	0	0	0	0	0	0	0	0	0	0	0.206129266399549	0	0	0	0	0	0	0	0	0.278193375486910	0	0	0	0	0	0	0	0	0.310760788124853	0	0	0	0	0	0	0	0	0	0	0
0	0	-0.246891712175538	0	0	0	0.0348266987925961	0	-0.132949865090343	0	0	0	0.592341731434203	0	0	0	0	0	0	0	0	0	0	0	0	0	0	0	0	0.378371345547005	0	0	0	0	0	0	0	-0.0637868029155913	0	0	0	0.0426998243364868	0	0	0	0	0	0	0	-0.0966478892630126
0	0	-0.542295418338078	0	0	0	0	0	0	0	0	0	-0.0813045202833988	0	0	0	0	0	0	0	0	0	0	0	0	0.242604663868355	0	0	0	0.339216925834339	0	0	0	0	0	0.0299912197098407	0	-0.328376716334249	-0.259925364388281	0	0	-0.119148101552253	-0.0152743043378599	0	0	0	0	0	0	-0.194715712187434
-0.475434518064811	0	0	0	0.136649026440571	0	-0.393654343569162	0	0	0	0.189652869202094	0	0	-0.135560395581973	0	-0.632632273389710	0	0	0	0	0	-0.0367185963855492	0	0	0	0	0	0.124842103315848	0	0	0	0	0	0	0	0	0	0	0	0	0	0	0	0	0	0	-0.0215808293066223	0	-0.0562427715172458	0
0	0	0	0	0	0	0	0.0107988213347857	0	0	0	0.0982482170238741	0	0	0	0	0	0	0.00557417145221782	0	0	0	-0.0178837709444860	0	0	0	0	0	0	0	0	0	0	0	0.0153372684431764	0	0	0	0	-0.302925310407301	0	0	0	0	0	0	0	0.0166724659115969	0	0
0	0	0	0	0	0	0	0	0	0	0	0	0	0	0	0	0	0	0	0	0	0	0	0	0	0	0	0	0	0	0	0	0	0	0	0	0	0	0	0	0	0	0	0	0	0	0	0	0	0
0	0	0	0	0	0	0	0	0	0	0	0	0	0	0	0	0	0	0	0	0	0	0	0	0	0	0	0	0	0	0	0	0	0	0	0	0	0	0	0	0	0	0	0	0	0	0	0	0	0
0	0	0	0	0	0	0	0	0	0	0	0	0	0	0	0	0	0	0	0	0	0	0	0	0	0	0	0	0	0	0	0	0	0	0	0	0	0	0	0	0	0	0	0	0	0	0	0	0	0
0	0	0	0	0	0	0	0	0	0	0	0	0	0	0	0	0	0	0	0	0	0	0	0	0	0	0	0	0	0	0	0	0	0	0	0	0	0	0	0	0	0	0	0	0	0	0	0	0	0
0	0	0	0	0	0	0	0	0	0	0	0	0	0	0	0	0	0	0	0	0	0	0	0	0	0	0	0	0	0	0	0	0	0	0	0	0	0	0	0	0	0	0	0	0	0	0	0	0	0
0	0	0	0	0	0	0	0	0	0	0	0	0	0	0	0	0	0	0	0	0	0	0	0	0	0	0	0	0	0	0	0	0	0	0	0	0	0	0	0	0	0	0	0	0	0	0	0	0	0
0	0	0	0	0	0	0	0	0	0	0	0	0	0	0	0	0	0	0	0	0	0	0	0	0	0	0	0	0	0	0	0	0	0	0	0	0	0	0	0	0	0	0	0	0	0	0	0	0	0
0	0	0	0	0	0	0	0	0	0	0	0	0	0	0	0	0	0	0	0	0	0	0	0	0	0	0	0	0	0	0	0	0	0	0	0	0	0	0	0	0	0	0	0	0	0	0	0	0	0
0	0	0	0	0	0	0	0	0	0	0	0	0	0	0	0	0	0	0	0	0	0	0	0	0	0	0	0	0	0	0	0	0	0	0	0	0	0	0	0	0	0	0	-0.00408908180759652	0	0	0	0	0	0
0	0	0	0	0	0	0	0	0	0	-0.110384399737409	0	0	-0.0121765544328206	0	0	0	0	0	0	0	0	0	0	0	0	0	0	0	0	0	0	0	0	0	0	0	0	0	0	0	0	0	-0.611599699598995	0	0	0	0	0	0.0281560855397761
0	0.0509810065512699	0	0	0	0	0	0.0129376760596562	0	0	0	0	0	0	0	0	0	0.0980532424629286	0	0	0	0	0	0	0.0437345854619744	0	0	0	0	0	0	0	0	0	-0.603255236347544	0	0	0	0	0	0	0	0	0	0	0	0	0	0	0
0	0	0	0	0	0	0	0	0	0	0	0	0	0	0	0	0	0	0	0	0	0	0	0	0	0	0	0	0	0	0	0	0	0	-0.0277400929239479	0	0	0	0	0	0	0	0	0	0	-0.0513656259376742	0	0	0	0
0	0	0	0	0	0	0	0	0	0	0	0	0	0	0	0	0	0	0	0	0	0	0	0	0	0	0	0	0	0	0	0	0	0	0	0	0	0	0	0	0	0	0	0	0	0	0	0	0	0
0	0	0	0	0	0	0	0	0	0	0	0	0	0	0	0	0	0	0	0	0	0	0	0	0	0	0	0	0	0	0	0	0	0	0	0	0	0	0	0	0	0	0	0	0	0	0	0	0	0
0	0	0	0	0	0	0	0	0	0	0	0	0	0	0	0	0	0	0	0	0	0	0	0	0	0	0	0	0	0	0	0	0	0	0	0	0	0	0	0	0	0	0	0	0	0	0	0	0	0
0	0	0	0	0	0	0	0	0	0	0	0	0	0	0	0	0	0	0	0	0	0	0	0	0	0	0	0	0	0	0	0	0	0	0	0	0	0	0	0	0	0	0	0	0	0	0	0	0	0
0	0	0	0	0	0	0	0	0	0	0	0	0	0	0	0	0	0	0	0	0	0	0	0	0	0	0	0	0	0	0	0	0	0	0	0	0	0	0	0	0	0	0	0	0	0	0	0	0	0
0	0	0	0	0	0	0	0	0	0	0	0	0	0	0	0	0	0	0	0	0	0	0	0	0	0	0	0	0	0	0	0	0	0	0	0	0	0	0	0	0	0	0	0	0	0	0	0	0	0
0	0	0	0	0	0	0	0	0	0	0	0	0	0	0	0	0	0	0	0	0	0	0	0	0	0	0	0	0	0	0	0	0	0	0	0	0	0	0	0	0	0	0	0	0	0	0	0	0	0
0	0	0	0	0	0	0	0	0	0	0	0	0	0	0	0	0	0	0	0	0	0	0	0	0	0	0	0	0	0	0	0	0	0	0	0	0	0	0	0	0	0	0	0	0	0	0	0	0	0
-0.0373723395779339	0	0	0	0	0	-0.0758296201142639	0	0	0	0	0	0	-0.0717044880829271	0	0.00468107984355521	0	0	0	0	0	0	0	0	0	0	0	0	0	0	0	0	0	0	0	-0.580673918080689	0	0	0	0	0	0	0	0	0	0	0	0	0	0
0	0.198586986822495	0	0	0	0.118849836103910	0	0.294455829251343	0	0	0	0.532245740895376	0	0	0	0	0	0	0.377004149995202	0	0	0	-0.253378109074959	0	0.382424140549370	0	0	0	0.0340700958788920	0	0	0	0.0532706483518457	0	0	0	-0.171098735838689	0	0	0	0	0	0	0	0	0	0	0.296876207375799	0	0
0	0	0	0.271051764929273	0	0	0	0	0	0	0	0.0488572274801077	0	0	0	0	0	0	0.158663599154185	-0.106466131000854	0	0	-0.0201195820248770	0.132153564976241	0	0	0	0	0	0	0	0	0.120186724897697	0	-0.123636784255909	0	0	0	0	0.514336340796282	0	0	0	0	0	0	0	0	0	0
0	0	0	0.0545622097124927	0	0	0	0	0	-0.128066995352396	0	0	0	0	0.166088569225169	0	0	0	0	0	-0.0661633071047270	0	0	0	0	0	0.222857711415018	0	0	0	0	0	0.0200683867557322	0	-0.0433674731422779	0	0	0	0	0.218798604083709	0	0	0	0	0	0	0	0	0	0
0	0	0	0	0	0	0	0	0	-0.239320586284323	0	0	0	0	0	0	0	0	0	0	0	0	0	0	0	0	0	0	-0.0759093103647684	0	0.226112248635642	0	0	0	0	0	0	0	0	0	0	0	0	0	0	0	0	0	0	0
0	0	0	0	0	0	0	0	0	-0.0961697416652410	0	0	0	0	-0.189070578349435	0	0	0	0	0	0	0	0	0	0	0	0.277530026319428	0	-0.0260210032394627	0	0	0	0	0	0	0	0	0	-0.0354438949101775	0	0	0	0	0	0	0	0	0	0	0
0	0	0	0	0	0	0	0	0	0	0	0	0	0	-0.155162429446511	0	0	0	0	0	-0.271079026805697	0	0	0	0	0	0.0346482234054696	0	0	0	0	0	0	0	0	0	0	0	0	0	0	0	-0.307656958729926	0	0	0	0	0	0	0
0	0	0	0	0	0	0	0	-0.107948638757306	0	0	0	0	0	0	0	0	0	0	0	-0.209945909850908	0	0	0	0	0	0	0	0	-0.000260640378814255	0.0623104790867677	0	0	0	0	0	0	0	-0.292285071481268	0	0	0	0	0.109957436039235	0.0158889469641559	0	0	0	0	0
0	0	0	0	0	0	0	0	-0.244686866047311	0	0	0	0	0	0	0	0	0	0	0	0	0	0	0	0	0	0	0	0	0	0	0	0	0.0912173063545883	0	0	0	0	0	0	0	0	-0.217129533536862	0.240421384626599	0.0212187646154533	0	0	0	0	0
0	0	-0.0806139149425243	0	0	0	0	0	-0.0586538745821126	0	0	0	0.284355023553167	0	0	0	0.0691636849746103	0	0	0	0	0	0	0	0	0	0	0	0	0	0	0	0	0.0246537742745964	0	-0.0285128917028020	0	0.0958822429363912	0	0	0	0	0	0.0603865284040221	0	0	-0.0274016488327630	0	0	0
0	0	-0.284748308183821	0	0	0	0	0	0	0	-0.0497048262021295	0	0	0	0	-0.111544127216887	0.221995611997762	0	0	0	0	0	0	0	0	-0.201095446884874	0	0	0	0	0	0	0	0	0	-0.144296125104024	0	0.518488150093271	0	0	0	0	0	0	-0.218631505308335	0	-0.00136102835275387	0	0	0
-0.178152661507111	0	0	0	-0.103599094949697	0	-0.205570364878456	0	0	0	-0.582371974790638	0	0	0	0	-0.224364234203441	0	0	0	0	0	0.271142576192807	0	0	0	0	0	-0.233843804668760	0	0.351966114472658	0	0	0	0	0	0	0	0	0	0	0	0	0	0	0	0	0.0190116072689552	0	0	0.607583906984116
0	0.500929390809535	0	0	0	0.185315102122069	0	0.294268058824696	0	0	0	-0.280318455451769	0	0	0	0	0	0.0606834653072331	-0.518158641981311	0	0	0	0.0632686923754631	0	0.461878593441041	0	0	0	0	0	0	0	0	0	0	0	0	0	0	0	0	0	0	0	0	0	0	0	0	0
0	0	0	0.557632513405524	0	0	0	0	0	0	0	0	0	0	0	0	0	0	0	0	0	0	0	0.369210022357489	0	0	0	0	0	0	0	0	-0.00670860884622333	0	0	0	0.525767919138571	0	0	-0.215560343031855	0	0	0	0	0	0	0	0.348560842095398	0	0
0	0	0	0.244971426954864	0	0	0	0	0	-0.265524991009120	0	0	0	0	0.465097322530717	0	0	0	0	0	-0.232715079829745	0	0	0	0	0	0.430242612568184	0	0	0	0	0	0	0	0	0	0.0859011471038273	0	0.0686422943982295	-0.0212093039302625	0	0	0.102607291334313	0	0	0	0	0	0	0
0	0	0	0.0367859009481915	0	0	0	0	0	-0.520512480377995	0	0	0	0	0	0	0	0	0	0	0.0805310734956650	0	0	0	0	0	0	0	0	0	0.554908306592079	0	0	0	0	0	0	0	0	0	0	0	0	0	0	0	0	0	0	0
0	0	0	0	0	0	0	0	0	-0.267247665582996	0	0	0	0	-0.333780330496418	0	0	0	0	0	0	0	0	0	0	0	0.439312010214404	0	0	0	0	0	0	0	0	0	0	0	-0.131791876547315	0	0	0	0.0737141316300535	0	0	0	0	0	0	0
0	0	0	0	0	0	0	0	-0.0814738212805725	-0.0219217275217018	0	0	0	0	-0.276052111277829	0	0	0	0	0	-0.422115070023857	0	0	0	0	0	0.106554753313504	0	0	0	0	0	0	0	0	0	0	0	0	0	0	0	-0.432536635686680	0	0	0	0	0	0	0
0	0	0	0	0	0	0.0444860464560502	0	-0.319133509710305	0	0	0	-0.0700688599648152	0	0	0	0	0	0	0	-0.305258171906327	0	0	0	0	0	0	0	0	-0.157156337642045	0.158629029278380	0	0	0	0	0	0	0	-0.607905392725181	0	0	0	0	0	0	0	0	0	0	0
0	0	-0.0469517873276732	0	0	0	0.102803112595424	0	-0.544151733936010	0	0	0	0	0	0	0	0	0	0	0	0.202210404752310	0	0	0	0	0	0.177142296828303	0	0	-0.193509105903318	0	0	0	0	0	0	0	0	0	0	0	0	-0.268429207703101	0	0	0	0	0	0	0
0	0	-0.248634356511920	0	0	0	0.0318076670470439	0	-0.130196327228984	0	0	0	0.590261968881087	0	0	0	0	0	0	0	0	0	0	0	0	0	0	0	0	-0.404967378545554	0	0	0	0	0	0	0	-0.0798544398264484	0	0	0	-0.0636236019437014	0	0	0	0	0	0	0	0.0913672870480078
0	0	-0.539392344039904	0	0	0	0	0	0	0	0	0	-0.0823942732402003	0	0	0	0	0	0	0	0	0	0	0	0	-0.238303612313798	0	0	0	-0.335170352418402	0	0	0	0	0	0.0254816668487601	0	-0.317272843550774	0.253108457214862	0	0	0.169978186411707	0.0226883315324632	0	0	0	0	0	0	0.211773793318194
-0.474681895428598	0	0	0	-0.181131277210692	0	-0.379896734317261	0	0	0	0.197260025124931	0	0	-0.145113543316841	0	0.628387144261933	0	0	0	0	0	-0.0148306983123256	0	0	0	0	0	-0.113064246471208	0	0.00278688585848550	0	0	0	0	0	0.00927009622875832	0	0	0	0	0	0	0	0	0	0	0.0131509829142854	0	-0.0749618495493592	0
0	0	0	0	0	0	0	0	0	0	0	0.0233145636083159	0	0	0	0	0	0	0	0	0	0	0	0	0	0	0	0	0	0	0	0	0	0	0	0	0	0	0	-0.0741222979476459	0	0	0	0	0	0	0	0	0	0
0	0	0	0	0	0	0	0	0	0	0	0	0	0	0	0	0	0	0	0	0	0	0	0	0	0	0	0	0	0	0	0	0	0	0	0	0	0	0	0	0	0	0	0	0	0	0	0	0	0
0	0	0	0	0	0	0	0	0	0	0	0	0	0	0	0	0	0	0	0	0	0	0	0	0	0	0	0	0	0	0	0	0	0	0	0	0	0	0	0	0	0	0	0	0	0	0	0	0	0
0	0	0	0	0	0	0	0	0	0	0	0	0	0	0	0	0	0	0	0	0	0	0	0	0	0	0	0	0	0	0	0	0	0	0	0	0	0	0	0	0	0	0	0	0	0	0	0	0	0
0	0	0	0	0	0	0	0	0	0	0	0	0	0	0	0	0	0	0	0	0	0	0	0	0	0	0	0	0	0	0	0	0	0	0	0	0	0	0	0	0	0	0	0	0	0	0	0	0	0
0	0	0	0	0	0	0	0	0	0	0	0	0	0	0	0	0	0	0	0	0	0	0	0	0	0	0	0	0	0	0	0	0	0	0	0	0	0	0	0	0	0	0	0	0	0	0	0	0	0
0	0	0	0	0	0	0	0	0	0	0	0	0	0	0	0	0	0	0	0	0	0	0	0	0	0	0	0	0	0	0	0	0	0	0	0	0	0	0	0	0	0	0	0	0	0	0	0	0	0
0	0	0	0	0	0	0	0	0	0	0	0	0	0	0	0	0	0	0	0	0	0	0	0	0	0	0	0	0	0	0	0	0	0	0	0	0	0	0	0	0	0	0	0	0	0	0	0	0	0
0	0	0	0	0	0	0	0	0	0	0	0	0	0	0	0	0	0	0	0	0	0	0	0	0	0	0	0	0	0	0	0	0	0	0	0	0	0	0	0	0	0	0	0	0	0	0	0	0	0
0	0	0	0	0	0	0	0	0	0	0	0	0	0	0	0	0	0	0	0	0	0	0	0	0	0	0	0	0	0	0	0	0	0	0	0	0	0	0	0	0	0	0	0	0	0	0	0	0	0
0	0	0	0	0	0	0	0	0	0	-0.0333776450730657	0	0	0	0	0	0	0	0	0	0	0	0	0	0	0	0	0	0	0	0	0	0	0	0	0	0	0	0	0	0	0	0	-0.259566601018353	0	0	0	0	0	0
0	0	0	0	0	0	0	0	0	0	0	0	0	0	0	0	0	0	0	0	0	0	0	0	0	0	0	0	0	0	0	0	0	0	-0.296393969761053	0	0	0	0	0	0	0	0	0	0	0	0	0	0	0
0	0	0	0	0	0	0	0	0	0	0	0	0	0	0	0	0	0	0	0	0	0	0	0	0	0	0	0	0	0	0	0	0	0	0	0	0	0	0	0	0	0	0	0	0	0	0	0	0	0
0	0	0	0	0	0	0	0	0	0	0	0	0	0	0	0	0	0	0	0	0	0	0	0	0	0	0	0	0	0	0	0	0	0	0	0	0	0	0	0	0	0	0	0	0	0	0	0	0	0
0	0	0	0	0	0	0	0	0	0	0	0	0	0	0	0	0	0	0	0	0	0	0	0	0	0	0	0	0	0	0	0	0	0	0	0	0	0	0	0	0	0	0	0	0	0	0	0	0	0
0	0	0	0	0	0	0	0	0	0	0	0	0	0	0	0	0	0	0	0	0	0	0	0	0	0	0	0	0	0	0	0	0	0	0	0	0	0	0	0	0	0	0	0	0	0	0	0	0	0
0	0	0	0	0	0	0	0	0	0	0	0	0	0	0	0	0	0	0	0	0	0	0	0	0	0	0	0	0	0	0	0	0	0	0	0	0	0	0	0	0	0	0	0	0	0	0	0	0	0
0	0	0	0	0	0	0	0	0	0	0	0	0	0	0	0	0	0	0	0	0	0	0	0	0	0	0	0	0	0	0	0	0	0	0	0	0	0	0	0	0	0	0	0	0	0	0	0	0	0
0	0	0	0	0	0	0	0	0	0	0	0	0	0	0	0	0	0	0	0	0	0	0	0	0	0	0	0	0	0	0	0	0	0	0	0	0	0	0	0	0	0	0	0	0	0	0	0	0	0
0	0	0	0	0	0	0	0	0	0	0	0	0	0	0	0	0	0	0	0	0	0	0	0	0	0	0	0	0	0	0	0	0	0	0	0	0	0	0	0	0	0	0	0	0	0	0	0	0	0
0	0	0	0	0	0	0	0	0	0	0	0	0	0	0	0	0	0	0	0	0	0	0	0	0	0	0	0	0	0	0	0	0	0	0	0	0	0	0	0	0	0	0	0	0	0	0	0	0	0
0	0	0	0	0	0	0	0	0	0	0	0	0	0	0	0	0	0	0	0	0	0	0	0	0	0	0	0	0	0	0	0	0	0	0	-0.291627728026965	0	0	0	0	0	0	0	0	0	0	0	0	0.0154467917279148	0
0	0.0658750406661360	0	0	0	0.290339155588636	0	0	0	0	0	0.259780909481021	0	0	0	0	0	0	0.229094834349480	0	0	0	0.551969382361031	0	0.0242164193948776	0	0	0	0.139381653327957	0	0	0	-0.414802065015153	0	0	0	0.0144519113149222	0	0	0	0	0	0	0	0	0	0	-0.150427983244823	0	0
0	0	0	0	0	0	0	0	0	0	0	0	0	0	0	0	0	0	0.0370653004210207	0	0	0	0.0280781171289346	0.234660152433444	0	0	0	0	0	0	0	0	0	0	0	0	0	0	0	0.123585720748363	0	0	0	0	0	0	0	-0.168535730495240	0	0
0	0	0	0	0	0	0	0	0	0	0	0	0	0	0	0	0	0	0	0	0	0	0	0	0	0	0	0	0	0	0	0	0	0	0	0	0	0	0	0	0	0	0	0	0	0	0	0	0	0
0	0	0	0	0	0	0	0	0	0	0	0	0	0	0	0	0	0	0	0	0	0	0	0	0	0	0	0	0	0	0	0	0	0	0	0	0	0	0	0	0	0	0	0	0	0	0	0	0	0
0	0	0	0	0	0	0	0	0	0	0	0	0	0	0	0	0	0	0	0	0	0	0	0	0	0	0	0	0	0	0	0	0	0	0	0	0	0	0	0	0	0	0	0	0	0	0	0	0	0
0	0	0	0	0	0	0	0	0	0	0	0	0	0	0	0	0	0	0	0	0	0	0	0	0	0	0	0	0	0	0	0	0	0	0	0	0	0	0	0	0	0	0	0	0	0	0	0	0	0
0	0	0	0	0	0	0	0	0	0	0	0	0	0	0	0	0	0	0	0	0	0	0	0	0	0	0	0	0	0	0	0	0	0	0	0	0	0	0	0	0	0	0	0	0	0	0	0	0	0
0	0	0	0	0	0	0	0	0	0	0	0	0	0	0	0	0	0	0	0	0	0	0	0	0	0	0	0	0	0	0	0	0	0	0	0	0	0	0	0	0	0	0	0	0	0	0	0	0	0
0	0	0	0	0	0	0	0	0	0	0	0	0.0293230576986637	0	0	0	0	0	0	0	0	0	0	0	0	0	0	0	0	0	0	0	0	0	0	0	0	0	0	0	0	-0.0922882099027933	0	0	0	0	0	0	0	0
0	0	0	0	0	0	0	0	0	0	0	0	0	0	0	-0.00224057957714547	0	0	0	0	0	0	0	0	0	-0.296781492150901	0	0	0	0	0	0	0	0	0	0	0	0.0902136381560411	0	0	0	0	0	0	0	0	0	0	0	-0.0353053665138178
-0.0487533882140865	0	0	0	-0.265031648483982	0	0	0	0	0	-0.259187562348334	0	0	0	0	-0.184199544533387	0	0	0	0	0	-0.408293534174386	0	0	0	0	0	-0.274673875264885	0	0	0	0	0	-0.360517083620308	0	0	0	0	0	0	0	0	0	0	0	0	0.360504314546521	0	0	-0.0680515448245628
0	0.267949613058908	0	0	0	0.403772994718368	0	-0.113858281706780	0	0	0	0	0	0	0	0	0	-0.549941497883461	-0.119126932938844	0	0	0	0	0	-0.198210948914774	0	0	0	0	0	0	0	0	0	-0.0129764308506913	0	-0.118353517629199	0	0	0	0	0	0	0	0	0	0	0.133949014406722	0	0
0	0	0	0.185369514239069	0	0	0	0	0	0	0	0	0	0	0	0	0	-0.0267210078905257	0	0.277752474019452	0	0	-0.00492185604771986	0.402657871603942	0	0	0	0	0	0	0	0	0	0	0	0	-0.0735172117894926	0	0	0.111890891884485	0	0	0	0	0	0.571546575517979	0	0	0	0
0	0	0	0	0	0	0	0	0	0	0	0	0	0	0.0861415917717313	0	0	0	0	0.0288289773513588	0	0	0	0	0	0	0.120393632600778	0	0	0	0	0	0	0	0	0	0	0	0	0	0.107557628957158	0	0.0540251965627590	0	0	0.210697486244717	0	0	0	0
0	0	0	0	0	0	0	0	0	-0.0208316796142223	0	0	0	0	0	0	0	0	0	0	0	0	0	0	0	0	0	0	0	0	0.104097929773406	0	0	0	0	0	0	0	0	0	0.0831050129625346	0	0	0	0	0	0	0	0	0
0	0	0	0	0	0	0	0	0	0	0	0	0	0	0	0	0	0	0	0	0	0	0	0	0	0	0	0	0	0	0	0	0	0	0	0	0	0	0	0	0	0	0	0	0	0	0	0	0	0
0	0	0	0	0	0	0	0	0	0	0	0	0	0	0	0	0	0	0	0	0	0	0	0	0	0	0	0	0	0	0	0	0	0	0	0	0	0	0	0	0	0	0	0	0	0	0	0	0	0
0	0	0	0	0	0	0	0	0	0	0	0	0	0	0	0	0	0	0	0	0	0	0	0	0	0	0	0	0	0	0	0	0	0	0	0	0	0	-0.0628757135546599	0	0	0	0	0	0	0	0	0	0	0
0	0	0	0	0	0	0	0	-0.0340852812113371	0	0	0	0	0	0	0	0	0	0	0	0	0	0	0	0	0	0	0	0	0	0	-0.340151040414665	0	0	0	0	0	0	0	0	0	-0.278864993945715	0	0	0	0	0	0	0	0
0	0	0	0	0	0	0	0	0	0	0	0	0.197721459363040	0	0	0	0	0	0	0	0	0	0	0	0	0	0	0	0	0	0	-0.151158578763948	0	0	0	0	0	0	0	0	0	-0.488749452554946	0	0	0.101354766266127	0	0	0	0	0
0	0	-0.188792490127770	0	0	0	0	0	0	0	0	0	0	0.0575979148299597	0	0	-0.179879500920008	0	0	0	0	0.0159819148270918	0	0	0	-0.389574029206503	0	0	0	0	0	0	0	0	0	0	0	0.277203070040858	0	0	0	0	0	0	0.564134861476241	0	0	0	0	0
-0.282699340424990	0	0	0	-0.418656367641051	0	0	0	0	0	0	0	0	0.569181692731482	0	0.0600524923072536	0	0	0	0	0	0	0	0	0	0	0	0.362503032407138	0	0	0	0	0	0	0	-0.00995804304977363	0	0	0	0	0	0	0	0	0	0	0	0	0.354007557270996	0
0	0	0	0	0	0	0	0	0	0	0	0	0	0	0	0	0	0	0	0	0	0	0	0	0	0	0	0	0	0	0	0	0	0	0	0	0	0	0	0	0	0	0	0	0	0	0	0	0	0
0	0	0	0	0	0	0	0	0	0	0	0	0	0	0	0	0	0	0	0	0	0	0	0	0	0	0	0	0	0	0	0	0	0	0	0	0	0	0	0	0	0	0	0	0	0	0	0	0	0
0	0	0	0	0	0	0	0	0	0	0	0	0	0	0	0	0	0	0	0	0	0	0	0	0	0	0	0	0	0	0	0	0	0	0	0	0	0	0	0	0	0	0	0	0	0	0	0	0	0
0	0	0	0	0	0	0	0	0	0	0	0	0	0	0	0	0	0	0	0	0	0	0	0	0	0	0	0	0	0	0	0	0	0	0	0	0	0	0	0	0	0	0	0	0	0	0	0	0	0
0	0	0	0	0	0	0	0	0	0	0	0	0	0	0	0	0	0	0	0	0	0	0	0	0	0	0	0	0	0	0	0	0	0	0	0	0	0	0	0	0	0	0	0	0	0	0	0	0	0
0	0	0	0	0	0	0	0	0	0	0	0	0	0	0	0	0	0	0	0	0	0	0	0	0	0	0	0	0	0	0	0	0	0	0	0	0	0	0	0	0	0	0	0	0	0	0	0	0	0
0	0	0	0	0	0	0	0	0	0	0	0	0	0	0	0	0	0	0	0	0	0	0	0	0	0	0	0	0	0	0	0	0	0	0	0	0	0	0	0	0	0	0	0	0	0	0	0	0	0
0	0	0	0	0	0	0	0	0	0	0	0	0	0	0	0	0	0	0	0	0	0	0	0	0	0	0	0	0	0	0	0	0	0	0	0	0	0	0	0	0	0	0	0	0	0	0	0	0	0
0	0	0	0	0	0	0	0	0	0	0	0	0	0	0	0	0	0	0	0	0	0	0	0	0	0	0	0	0	0	0	0	0	0	0	0	0	0	0	0	0	0	0	0	0	0	0	0	0	0
0	0	0	0	0	0	0	0	0	0	0	0	0	0	0	0	0	0	0	0	0	0	0	0	0	0	0	0	0	0	0	0	0	0	0	0	0	0	0	0	0	0	0	0	0	0	0	0	0	0
0	0	0	0	0	0	0	0	0	0	0	0	0	0	0	0	0	0	0	0	0	-0.0350343582963440	0	0	0	0	0	0	0	0	0	0	0	0.0282487591576713	0	0	0	0	0	0	0	0	0	-0.0533499510203888	0	0	0	0	0	0
0	0	0	0	0	0	0	0	0	0	0	0	0	0	0	0	0	0.000279700321136445	0	0	0	0	0	0	0	0	0	0	0	0	0	0	0	0	-0.106707255114835	0	0	0	0	0	0	0	0	0	0	0	0	0	0	0
0	0	0	0	0	0	0	0	0	0	0	0	0	0	0	0	0	0	0	0	0	0	0	0	0	0	0	0	0	0	0	0	0	0	0	0	0	0	0	0	0	0	0	0	0	0	0	0	0	0
0	0	0	0	0	0	0	0	0	0	0	0	0	0	0	0	0	0	0	0	0	0	0	0	0	0	0	0	0	0	0	0	0	0	0	0	0	0	0	0	0	0	0	0	0	0	0	0	0	0
0	0	0	0	0	0	0	0	0	0	0	0	0	0	0	0	0	0	0	0	0	0	0	0	0	0	0	0	0	0	0	0	0	0	0	0	0	0	0	0	0	0	0	0	0	0	0	0	0	0
0	0	0	0	0	0	0	0	0	0	0	0	0	0	0	0	0	0	0	0	0	0	0	0	0	0	0	0	0	0	0	0	0	0	0	0	0	0	0	0	0	0	0	0	0	0	0	0	0	0
0	0	0	0	0	0	0	0	0	0	0	0	0	0	0	0	0	0	0	0	0	0	0	0	0	0	0	0	0	0	0	0	0	0	0	0	0	0	0	0	0	0	0	0	0	0	0	0	0	0
0	0	0	0	0	0	0	0	0	0	0	0	0	0	0	0	0	0	0	0	0	0	0	0	0	0	0	0	0	0	0	0	0	0	0	0	0	0	0	0	0	0	0	0	0	0	0	0	0	0
0	0	0	0	0	0	0	0	0	0	0	0	0	0	0	0	0	0	0	0	0	0	0	0	0	0	0	0	0	0	0	0	0	0	0	0	0	0	0	0	0	0	0	0	0	0	0	0	0	0
0	0	0	0	0	0	0	0	0	0	0	0	0	0	0	0	0	0	0	0	0	0	0	0	0	0	0	0	0	0	0	0	0	0	0	0	0	0	0	0	0	0	0	0	0	0	0	0	0	0
0	0	0	0	0	0	0	0	0	0	0	0	0	0	0	0	0	0	0	0	0	0	0	0	0	0	0	0	0	0	0	0	0	0	0	0	0	0	0	0	0	0	0	0	0	0	0	0	0	0
0	0	0	0	-0.00117703502115743	0	0	0	0	0	0	0	0	0	0	0	0	0	0	0	0	0	0	0	0	0	0	0	0	0	0	0	0	0	0	-0.136814823970712	0	0	0	0	0	0	0	0	0	0	0	0	-0.0744211634579513	0
0	0	0	0	0	0.177023591573422	0	0	0	0	0	0.159281862384679	0	0	0	0	0	0	0	0	0	0	0.337967301709508	0	0	0	0	0	-0.134011559462606	0	0.0343212094631346	0	-0.415853376822848	0	0	0	0	0	0	0	0	0	0	0	0	0	0	0	0	0
0	0	0	0	0	0	0	0	0	0	0	0	0	0	0	0	0	0	0	0	0	0	0	0.127189262126638	0	0	0	0	0	0	0	0	0	0	0	0	0	0	0	0	0	0	0	0	0	0	0	0	0	0
0	0	0	0	0	0	0	0	0	0	0	0	0	0	0	0	0	0	0	0	0	0	0	0	0	0	0	0	0	0	0	0	0	0	0	0	0	0	0	0	0	0	0	0	0	0	0	0	0	0
0	0	0	0	0	0	0	0	0	0	0	0	0	0	0	0	0	0	0	0	0	0	0	0	0	0	0	0	0	0	0	0	0	0	0	0	0	0	0	0	0	0	0	0	0	0	0	0	0	0
0	0	0	0	0	0	0	0	0	0	0	0	0	0	0	0	0	0	0	0	0	0	0	0	0	0	0	0	0	0	0	0	0	0	0	0	0	0	0	0	0	0	0	0	0	0	0	0	0	0
0	0	0	0	0	0	0	0	0	0	0	0	0	0	0	0	0	0	0	0	0	0	0	0	0	0	0	0	0	0	0	0	0	0	0	0	0	0	0	0	0	0	0	0	0	0	0	0	0	0
0	0	0	0	0	0	0	0	0	0	0	0	0	0	0	0	0	0	0	0	0	0	0	0	0	0	0	0	0	0	0	0	0	0	0	0	0	0	0	0	0	0	0	0	0	0	0	0	0	0
0	0	0	0	0	0	0	0	0	0	0	0	0	0	0	0	0	0	0	0	0	0	0	0	0	0	0	0	0	0	0	0	0	0	0	0	0	0	0	0	0	0	0	0	0	0	0	0	0	0
0	0	0	0	0	0	0	0	0	0	0	0	0	0	0	0	0	0	0	0	0	0	0	0	0	0	0	0	0	0	0	0	0	0	0	0	0	0	0	0	0	0	0	0	0	0	0	0	0	0
0	0	0	0	0	0	0	0	0	0	0	0	0	0	0	0	0	0	0	0	0	0	0	0	0	-0.156699159916967	0	0	0	0	0	0	0	0	0	0	0	0	0	0	0	0	0	0	0	0	0	0	0	0
0	0	0	0	-0.166813280482841	0	0	0	0	0	-0.135893916160895	0	0	0	0	0	0	0	0	0	0	-0.454765603055773	0	0	0	0	0	-0.131600158919674	0	-0.204047475733461	0	0	0	0	0	0	0	0	0	0	0	0	0	0	0	0	0.359753935453884	0	0	0
0	0.232356732115497	0	0	0	0.372689804892104	0	-0.392275341897953	0	0	0	0	0	0	0	0	0	-0.155678487177736	0	0	0	0	0	0	-0.191401739067186	0	0	0	0	0	0	0	0.243849820725680	0	0	0	0	0	0	0	0	0	0	0	0	0	0	0	0	0
0	0	0	0.0732269586826897	0	0	0	0	0	0	0	0	0	0	0	0	0	0	0.0387197146692533	0.387110978547844	0	0	0	0.290027100782449	0	0	0	0	0	0	0	0	0	0	0	0	-0.193193480452696	0	0	0	0	0	0	0	0	0.0340011225023131	0	0	0	0
0	0	0	0	0	0	0	0	0	0	0	0	0	0	0	0	0	0	0	0.0651023642668498	0	0	0	0	0	0	0.0454403675726043	0	0	0	0	0	0	0	0	0	0	0	0	0	0.186110285228556	0	0	0	0	0	0	0	0	0
0	0	0	0	0	0	0	0	0	0	0	0	0	0	0	0	0	0	0	0	0	0	0	0	0	0	0	0	0	0	0.00304403703583103	0	0	0	0	0	0	0	0	0	0.127617711738295	0	0	0	0	0	0	0	0	0
0	0	0	0	0	0	0	0	0	0	0	0	0	0	0	0	0	0	0	0	0	0	0	0	0	0	0	0	0	0	0	0	0	0	0	0	0	0	0	0	0	0	0	0	0	0	0	0	0	0
0	0	0	0	0	0	0	0	0	0	0	0	0	0	0	0	0	0	0	0	0	0	0	0	0	0	0	0	0	0	0	0	0	0	0	0	0	0	0	0	0	0	0	0	0	0	0	0	0	0
0	0	0	0	0	0	0	0	0	0	0	0	0	0	0	0	0	0	0	0	0	0	0	0	0	0	0	0	0	0	0	0	0	0	0	0	0	0	0	0	0	0	0	0	0	0	0	0	0	0
0	0	0	0	0	0	0	0	0	0	0	0	0	0	0	0	0	0	0	0	0	0	0	0	0	0	0	0	0	0	0	-0.303075636156973	0	0	0	0	0	0	0	0	0	-0.123786334366313	0	0	0	0	0	0	0	0
0	0	0	0	0	0	0	0	0	0	0	0	0.0808927168361426	0	0	0	-0.0259366788171579	0	0	0	0	0	0	0	0	0	0	0	0	0	0	-0.155742052087035	0	0	0	0	0	0	-0.0240921009770232	0	0	-0.258079858143433	0	0	0	0	0	0	0	0
0	0	-0.0752053006405375	0	0	0	0	0	0	0	0	0	0	0	0	-0.00502707934393195	-0.345347570094922	0	0	0	0	0	0	0	0	-0.333653142041571	0	0	0	0.0348284309904218	0	0	0	0	0	0	0	0.0595966967958976	0	0	0	0	0	0	0.0249519211772920	0	0	0	-0.0624625283970422	0
-0.245247175532786	0	0	0	-0.395640970261744	0	0.344535136312993	0	0	0	0	0	0	0.176222711755031	0	-0.0528374069195378	0	0	0	0	0	0	0	0	0	0	0	0.107651869759405	0	0	0	0	0	0	0	0	0	0	0	0	0	0	0	0	0	0	-0.222605855808079	0	-0.589703268023183	0
0	0	0	0	0	0	0	0	0	0	0	0	0	0	0	0	0	0	0	0	0	0	0	0	0	0	0	0	-0.0987698735543427	0	0	0	0	0	0	0	0	0	0	0	0	0	0	0	0	0	0	0	0	0
0	0	0	0	0	0	0	0	0	0	0	0	0	0	0	0	0	0	0	0	0	0	0	0	0	0	0	0	0	0	0	0	0	0	0	0	0	0	0	0	0	0	0	0	0	0	0	0	0	0
0	0	0	0	0	0	0	0	0	0	0	0	0	0	0	0	0	0	0	0	0	0	0	0	0	0	0	0	0	0	0	0	0	0	0	0	0	0	0	0	0	0	0	0	0	0	0	0	0	0
0	0	0	0	0	0	0	0	0	0	0	0	0	0	0	0	0	0	0	0	0	0	0	0	0	0	0	0	0	0	0	0	0	0	0	0	0	0	0	0	0	0	0	0	0	0	0	0	0	0
0	0	0	0	0	0	0	0	0	0	0	0	0	0	0	0	0	0	0	0	0	0	0	0	0	0	0	0	0	0	0	0	0	0	0	0	0	0	0	0	0	0	0	0	0	0	0	0	0	0
0	0	0	0	0	0	0	0	0	0	0	0	0	0	0	0	0	0	0	0	0	0	0	0	0	0	0	0	0	0	0	0	0	0	0	0	0	0	0	0	0	0	0	0	0	0	0	0	0	0
0	0	0	0	0	0	0	0	0	0	0	0	0	0	0	0	0	0	0	0	0	0	0	0	0	0	0	0	0	0	0	0	0	0	0	0	0	0	0	0	0	0	0	0	0	0	0	0	0	0
0	0	0	0	0	0	0	0	0	0	0	0	0	0	0	0	0	0	0	0	0	0	0	0	0	0	0	0	0	0	0	0	0	0	0	0	0	0	0	0	0	0	0	0	0	0	0	0	0	0
0	0	0	0	0	0	0	0	0	0	0	0	0	0	0	0	0	0	0	0	0	0	0	0	0	0	0	0	0	0	0	0	0	0	0	0	0	0	0	0	0	0	0	0	0	0	0	0	0	0
0	0	0	0	0	0	0	0	0	0	0	0	0	0	0	0	0	0	0	0	0	0	0	0	0	0	0	0	0	0	0	0	0	0	0	0	0	0	0	0	0	0	0	0	0	0	0	0	0	0
0	0	0	0	0	0	0	0	0	0	0	0	0	0	0	0	0	0	0	0	0	0	0	0	0	0	0	0	0	0	0	0	0	0.164800350400433	0	0	0	0	0	0	0	0	0	-0.00562792165645685	0	0	0	0	0	0.00686107656521851
0	0	0	0	0	0	0	0	0	0	0	0	0	0	0	0	0	0.153910506217094	0	0	0	0	0	0	0.0197573040569727	0	0	0	0	0	0	0	0	0	-0.0394255059364318	0	0	0	0	0	0	0	0	0	0	0	0	0	0	0
0	0	0	0	0	0	0	0	0	0	0	0	0	0	0	0	0	0	0	0	0	0	0	0	0	0	0	0	0	0	0	0	0	0	0	0	0	0	0	0	0	0	0	0	0	-0.0491995629601448	0	0	0	0
0	0	0	0	0	0	0	0	0	0	0	0	0	0	0	0	0	0	0	0	0	0	0	0	0	0	0	0	0	0	0	0	0	0	0	0	0	0	0	0	0	0	0	0	0	0	0	0	0	0
0	0	0	0	0	0	0	0	0	0	0	0	0	0	0	0	0	0	0	0	0	0	0	0	0	0	0	0	0	0	0	0	0	0	0	0	0	0	0	0	0	0	0	0	0	0	0	0	0	0
0	0	0	0	0	0	0	0	0	0	0	0	0	0	0	0	0	0	0	0	0	0	0	0	0	0	0	0	0	0	0	0	0	0	0	0	0	0	0	0	0	0	0	0	0	0	0	0	0	0
0	0	0	0	0	0	0	0	0	0	0	0	0	0	0	0	0	0	0	0	0	0	0	0	0	0	0	0	0	0	0	0	0	0	0	0	0	0	0	0	0	0	0	0	0	0	0	0	0	0
0	0	0	0	0	0	0	0	0	0	0	0	0	0	0	0	0	0	0	0	0	0	0	0	0	0	0	0	0	0	0	0	0	0	0	0	0	0	0	0	0	0	0	0	0	0	0	0	0	0
0	0	0	0	0	0	0	0	0	0	0	0	0	0	0	0	0	0	0	0	0	0	0	0	0	0	0	0	0	0	0	0	0	0	0	0	0	0	0	0	0	0	0	0	0	0	0	0	0	0
0	0	0	0	0	0	0	0	0	0	0	0	0	0	0	0	0	0	0	0	0	0	0	0	0	0	0	0	0	0	0	0	0	0	0	0	0	0	0	0	0	0	0	0	0	0	0	0	0	0
0	0	0	0	0	0	0	0	0	0	0	0	0	0	0	0	0	0	0	0	0	0	0	0	0	0	0	0	0	0	0	0	0	0	0	0	0	0	0	0	0	0	0	0	0	0	0	0	0	0
0	0	0	0	0	0	0	0	0	0	0	0	0	-0.135321958834976	0	0	0	0	0	0	0	0	0	0	0	0	0	-0.0220924740570565	0	0	0	0	0	0	0	-0.0947501067647121	0	0	0	0	0	0	0	0	0	0	0	0	0	0
0	0.0110244762419933	0	0	0	0	0	-0.0344365700949898	0	0	0	0.173220999192878	0	0	0	0	0	0	0	0	0	0	0	0	0.0662989948424214	0	0	0	-0.604099871594565	0	0	0	-0.0360634576848393	0	0	0	0	0	0	0	0	0	0	0	0	0	0	0.194815012213420	0	0
0	0	0	0	0	0	0	0	0	0	0	0	0	0	0	0	0	0	0	0.0926457974321355	0	0	0	0.0270245035086953	0	0	0	0	0	0	0	0	0	0	0	0	0	0	0	0	0	0	0	0	0	-0.107138018923222	0	0	0	0
0	0	0	0	0	0	0	0	0	0	0	0	0	0	0	0	0	0	0	0	0	0	0	0	0	0	0	0	0	0	0	0	0	0	0	0	0	0	0	0	0.000398066779938396	0	0	0	0	0	0	0	0	0
0	0	0	0	0	0	0	0	0	0	0	0	0	0	0	0	0	0	0	0	0	0	0	0	0	0	0	0	0	0	0	0	0	0	0	0	0	0	0	0	0	0	0	0	0	0	0	0	0	0
0	0	0	0	0	0	0	0	0	0	0	0	0	0	0	0	0	0	0	0	0	0	0	0	0	0	0	0	0	0	0	0	0	0	0	0	0	0	0	0	0	0	0	0	0	0	0	0	0	0
0	0	0	0	0	0	0	0	0	0	0	0	0	0	0	0	0	0	0	0	0	0	0	0	0	0	0	0	0	0	0	0	0	0	0	0	0	0	0	0	0	0	0	0	0	0	0	0	0	0
0	0	0	0	0	0	0	0	0	0	0	0	0	0	0	0	0	0	0	0	0	0	0	0	0	0	0	0	0	0	0	0	0	0	0	0	0	0	0	0	0	0	0	0	0	0	0	0	0	0
0	0	0	0	0	0	0	0	0	0	0	0	0	0	0	0	0	0	0	0	0	0	0	0	0	0	0	0	0	0	0	-0.0167714074399941	0	0	0	0	0	0	0	0	0	0	0	0	0	0	0	0	0	0
0	0	0	0	0	0	0	0	0	0	0	0	0	0	0	0	0	0	0	0	0	0	0	0	0	0	0	0	0	0	0	0	0	0	0	0	0	0	0	0	0	0	0	0	0	0	0	0	0	0
0	0	0	0	0	0	0	0	0	0	0	0	0	0	0	0	-0.0633781679419105	0	0	0	0	0	0	0	0	-0.00496916014095478	0	0	0	0	0	0	0	0.00669137176997799	0	0	0	0	0	0	0	0	0	0	-0.0800074133120852	0	0	0	0	0.00388472033430393
0	0	0	0	0	0	0	0	0	0	-0.0907040915391610	0	0	0	0	0	0	0	0	0	0	-0.154073633216933	0	0	0	0	0	-0.0247367053152605	0	0	0	0	0	0.552036138564020	0	0	0	0	0	0	0	0	0	0	0	0	0.0473716038411914	0	0	0.283372258441956
0	0.252054508362560	0	0	0	0.162383619415262	0	-0.399114886029027	0	0	0	0	0	0	0	0	0	0.393090029074080	0	0	0	0	0	0	0.244665998312283	0	0	0	0	0	0	0	0.285798132244869	0	0	0	0.359007194640097	0	0	0	0	0	0	0	0	0	0	-0.452269683896043	0	0
0	0	0	0.0936468344964534	0	0	0	0	0	0	0	0	0	0	0	0	0	0	0	0.460151974754713	0	0	0	0.160885861271133	0	0	0	0	0	0	0	0	0	0	0	0	0	0	0	0	0	0	0	0	0	-0.332149645483415	0	0	0	0
0	0	0	0	0	0	0	0	0	0	0	0	0	0	0	0	0	0	0	0.108181462601692	0	0	0	0	0	0	0.0617645779198273	0	0	0	0	0	0	0	0	0	0	0	0	0	0.408364326033907	0	0	0	0	-0.0401362622326858	0	0	0	0
0	0	0	0	0	0	0	0	0	0	0	0	0	0	0	0	0	0	0	0	0	0	0	0	0	0	0	0	0	0	0.0210408939575742	0	0	0	0	0	0	0	0	0	0.353399660856956	0	0	0	0	0	0	0	0	0
0	0	0	0	0	0	0	0	0	0	0	0	0	0	0	0	0	0	0	0	0	0	0	0	0	0	0	0	0	0	0	0	0	0	0	0	0	0	0	0	0	0	0	0	0	0	0	0	0	0
0	0	0	0	0	0	0	0	0	0	0	0	0	0	0	0	0	0	0	0	0	0	0	0	0	0	0	0	0	0	0	0	0	0	0	0	0	0	0	0	0	0	0	0	0	0	0	0	0	0
0	0	0	0	0	0	0	0	0	0	0	0	0	0	0	0	0	0	0	0	0	0	0	0	0	0	0	0	0	0	0	-0.0581103959822822	0	0	0	0	0	0	-0.0225173722907968	0	0	0	0	0	0	0	0	0	0	0
0	0	0	0	0	0	0	0	0	0	0	0	0	0	0	0	0	0	0	0	0	0	0	0	0	0	0	0	0	0	0	-0.433315019509583	0	0	0	0	0	0	0	0	0	0	0	0	0	0	0	0	0	0
0	0	0	0	0	0	0	0	0	0	0	0	0.112792223686206	0	0	0	-0.0988469348332647	0	0	0	0	0	0	0	0	0	0	0	0	0	0	-0.237853089405604	0	0	0	0	0	0	-0.0288802510277206	0	0	0	0	0	0	0	0	0	0	0
0	0	-0.109980962188829	0	0	0	0	0	0	0	0	0	0	0	0	0	-0.498152965226214	0	0	0	0	0	0	0	0	-0.251937093662671	0	0	0	0	0	0	0	0	0	0	0	0	0	0	0	0	0	0	-0.281194175629188	0	0	0	0.0199639720877822	0
-0.291056097895923	0	0	0	-0.182788579149761	0	0.414959040140011	0	0	0	0	0	0	-0.346388413411394	0	0	0	0	0	0	0	0	0	0	0	-0.00320125398674510	0	-0.427682947854932	0	0	0	0	0	0	0	0	0	0	0	0	0	0	0	0	0	0	-0.459845809575516	0	0.283493684245727	0
